Main unsorted array: Size = 2583. Chunk amount = 5
550 479 996 432 930 842 758 118 430 870 354 11 472 222 148 745 773 775 270 824 665 467 480 822 507 816 427 79 386 576 3 532 75 736 666 253 77 705 745 952 135 340 600 223 851 27 745 254 670 702 ...

Unsorted Chunks

Chunk #0. Size = 517
550 479 996 432 930 842 758 118 430 870 354 11 472 222 148 745 773 775 270 824 665 467 480 822 507 816 427 79 386 576 3 532 75 736 666 253 77 705 745 952 135 340 600 223 851 27 745 254 670 702 ...

Chunk #1. Size = 517
732 163 111 179 463 243 766 683 728 498 45 956 83 35 54 17 670 700 451 20 105 517 882 852 299 643 73 766 894 521 540 297 986 237 916 130 143 138 763 7 731 372 938 362 113 857 984 944 508 403 ...

Chunk #2. Size = 517
651 376 453 500 520 748 28 346 47 936 717 512 923 33 180 467 103 816 677 119 556 258 885 712 377 616 237 555 552 332 519 558 749 825 521 922 34 947 427 619 717 881 422 262 456 98 675 692 833 694 ...

Chunk #3. Size = 517
849 244 399 534 755 464 998 492 285 771 422 413 915 900 259 309 503 95 65 899 338 219 351 631 389 547 683 52 225 997 337 566 615 292 501 667 854 134 240 744 758 877 77 762 789 711 397 767 595 637 ...

Chunk #4. Size = 515
604 60 311 286 139 799 290 767 493 209 915 997 934 631 398 4 860 658 387 266 602 89 360 871 705 495 793 859 476 383 656 805 520 488 140 967 837 84 613 289 743 549 631 40 862 478 381 513 907 609 ...

Sorted chunks

Chunk #0. Size = 517
1 3 4 5 7 9 11 11 11 14 15 15 19 20 20 22 26 26 27 28 29 30 31 34 35 36 36 39 41 42 42 44 49 51 52 52 55 56 57 64 68 71 75 77 79 83 85 85 87 89 ...

Chunk #1. Size = 517
2 7 8 8 9 12 12 14 15 17 20 20 22 23 24 30 31 32 33 33 34 35 35 37 38 38 45 49 49 50 51 53 54 54 56 58 59 64 64 67 68 71 73 74 75 76 76 78 80 80 ...

Chunk #2. Size = 517
1 10 15 15 17 17 28 33 33 34 37 37 38 41 41 43 44 46 46 46 47 48 48 48 49 51 52 53 55 58 58 60 61 63 66 67 67 67 70 71 75 76 78 84 87 93 94 95 98 99 ...

Chunk #3. Size = 517
1 2 5 5 8 11 13 14 15 19 20 20 22 23 24 26 34 35 36 36 42 48 50 51 52 54 55 55 56 56 56 57 57 58 60 64 65 66 66 67 69 76 76 77 78 78 79 80 81 92 ...

Chunk #4. Size = 515
1 4 11 14 15 15 17 23 24 26 28 29 31 34 35 35 39 40 42 43 43 43 55 60 61 61 63 64 66 67 67 68 71 74 75 83 84 87 89 91 96 97 97 99 100 100 103 103 107 111 ...


Result
1 1 1 1 2 2 3 4 4 5 5 5 7 7 8 8 8 9 9 10 11 11 11 11 11 12 12 13 14 14 14 14 15 15 15 15 15 15 15 15 17 17 17 17 19 19 20 20 20 20 ...
